175,6
175,5
175,4
175,3
175,2
175,1
175,0
173,10
171,14
171,13
166,74
166,73
166,72
166,71
166,70
166,69
166,68
166,67
166,66
173,9
173,8
168,93
168,92
164,36
164,35
164,4
164,34
169,81
166,65
168,91
169,80
168,90
168,89
168,88
168,87
168,86
168,85
167,8
166,64
166,127
174,5
174,4
174,3
174,2
174,1
174,0
9,82
9,81
60,14
60,13
60,10
169,79
169,78
169,77
173,7
173,6
173,5
173,4
173,3
173,2
173,1
173,0
171,12
171,11
168,84
168,83
168,82
168,81
168,80
168,79
168,78
168,77
164,33
164,32
164,5
164,31
164,30
171,10
171,9
171,8
172,12
171,7
171,6
58,13
166,37
166,36
166,35
166,34
172,11
172,10
172,9
172,8
172,7
172,6
172,5
172,4
172,3
172,2
172,1
172,0
168,76
169,76
169,75
169,74
169,73
169,72
169,71
169,70
166,33
166,32
166,31
166,30
166,29
166,28
166,27
166,26
166,25
166,24
166,23
166,22
166,21
166,20
166,19
166,18
166,17
166,16
166,15
166,14
164,29
164,28
164,27
164,26
164,25
164,24
164,23
164,22
164,21
164,20
164,19
164,18
164,17
164,16
164,15
164,14
164,13
164,12
164,11
171,5
171,4
171,3
171,2
171,1
171,0
167,7
167,6
170,5
170,4
170,3
170,2
170,1
170,0
169,69
169,68
169,67
169,66
169,65
169,64
169,37
169,36
169,35
168,75
169,34
169,33
169,32
169,31
168,74
169,30
168,73
169,29
169,28
169,27
169,26
169,25
169,24
169,23
169,22
169,21
169,20
169,19
169,18
169,17
169,16
169,15
169,14
169,13
169,12
169,11
169,10
168,72
168,71
164,10
168,70
168,69
164,9
168,68
168,67
168,66
168,65
168,64
168,37
168,36
168,35
168,34
168,33
168,32
168,31
168,30
168,29
168,28
168,27
168,26
168,25
168,24
168,23
168,22
168,21
168,20
168,19
168,18
164,8
164,7
168,17
168,16
168,15
168,14
169,9
169,8
169,7
169,6
169,5
169,4
169,3
169,2
169,1
169,0
164,6
168,13
168,12
168,11
168,10
168,9
168,8
168,7
168,6
168,5
168,4
168,3
168,2
168,1
168,0
166,13
166,12
166,11
166,10
166,9
166,8
166,7
166,6
2,28
167,5
167,4
167,3
167,2
167,1
167,0
166,5
166,4
166,3
166,2
166,1
166,0
165,3
165,2
165,1
165,0
164,3
164,2
164,1
164,0
98,28
98,27
98,26
98,25
98,24
98,23
98,22
98,21
98,20
98,19
98,18
98,17
98,16
98,15
98,14
98,13
98,12
98,11
98,10
98,9
98,8
98,7
98,6
163,13
163,12
163,11
163,10
163,9
163,8
163,7
163,6
2,27
163,5
163,4
163,3
163,2
163,1
163,0
21,8
21,7
96,83
162,3
162,2
162,1
162,0
161,3
161,2
161,1
161,0
160,3
160,2
160,1
160,0
60,12
60,11
60,4
6,80
6,79
6,78
6,77
6,76
58,61
159,3
159,2
159,1
159,0
158,3
158,2
158,1
158,0
157,3
157,2
157,1
157,0
156,3
156,2
156,1
156,0
60,9
155,3
155,2
155,1
155,0
154,3
154,2
154,1
154,0
153,3
153,2
153,1
153,0
152,3
152,2
152,1
152,0
151,3
151,2
151,1
151,0
150,3
150,2
150,1
150,0
149,3
149,2
149,1
149,0
9,80
148,3
148,2
148,1
148,0
58,20
58,83
60,8
58,128
60,7
60,6
60,5
58,82
147,3
147,2
147,1
147,0
146,3
146,2
146,1
146,0
59,90
59,89
145,3
145,2
145,1
145,0
58,63
58,43
58,81
59,88
58,62
58,37
58,33
144,3
144,2
144,1
144,0
59,87
58,80
59,86
143,3
143,2
143,1
143,0
58,79
59,44
59,43
59,85
142,3
142,2
142,1
142,0
58,78
59,84
58,77
59,83
141,3
141,2
141,1
141,0
58,60
58,48
58,76
58,59
59,82
58,31
140,3
140,2
140,1
140,0
58,75
59,81
59,80
58,74
139,3
139,2
139,1
139,0
58,58
58,34
59,79
58,73
138,3
138,2
138,1
138,0
59,78
58,72
58,57
59,77
58,17
58,71
137,3
137,2
137,1
137,0
59,76
58,70
59,75
58,69
59,74
59,73
58,68
136,3
136,2
136,1
136,0
59,39
59,72
58,67
59,71
58,66
59,70
58,65
58,56
59,69
58,8
135,3
135,2
135,1
135,0
58,64
59,68
58,55
58,23
58,54
134,3
134,2
134,1
134,0
59,67
58,53
59,66
133,3
133,2
133,1
133,0
59,65
58,52
59,64
58,51
132,3
132,2
132,1
132,0
59,42
58,50
131,3
131,2
131,1
131,0
59,41
58,49
58,12
59,40
130,3
130,2
130,1
130,0
58,47
59,30
59,38
129,3
129,2
129,1
129,0
58,46
128,3
128,2
128,1
128,0
59,37
58,45
58,9
59,36
127,3
127,2
127,1
127,0
58,44
58,21
59,35
58,42
58,41
58,24
126,3
126,2
126,1
126,0
59,34
58,40
125,3
125,2
125,1
125,0
59,33
58,39
58,38
124,3
124,2
124,1
124,0
59,32
58,36
123,3
123,2
123,1
123,0
59,31
59,23
58,35
122,3
122,2
122,1
122,0
59,29
58,32
59,28
121,3
121,2
121,1
121,0
59,27
58,30
120,3
120,2
120,1
120,0
59,26
58,29
119,3
119,2
119,1
119,0
59,25
118,3
118,2
118,1
118,0
58,28
59,24
117,3
117,2
117,1
117,0
58,27
59,15
59,22
116,3
116,2
116,1
116,0
58,26
59,21
115,3
115,2
115,1
115,0
58,25
59,20
114,3
114,2
114,1
114,0
58,22
59,19
113,3
113,2
113,1
113,0
59,18
58,19
112,3
112,2
112,1
112,0
59,17
58,18
111,3
111,2
111,1
111,0
59,16
58,16
110,3
110,2
110,1
110,0
59,11
59,14
58,15
109,3
109,2
109,1
109,0
59,13
108,3
108,2
108,1
108,0
58,14
59,12
107,3
107,2
107,1
107,0
59,10
59,4
58,11
106,3
106,2
106,1
106,0
59,9
105,3
105,2
105,1
105,0
58,10
59,8
104,3
104,2
104,1
104,0
58,4
103,3
103,2
103,1
103,0
59,7
58,7
102,3
102,2
102,1
102,0
59,6
59,5
58,6
58,5
101,3
101,2
101,1
101,0
100,3
100,2
100,1
100,0
99,3
99,2
99,1
99,0
0,447
98,5
98,4
98,3
98,2
98,1
98,0
9,78
97,10
97,9
97,8
97,7
97,6
97,5
97,4
97,3
97,2
97,1
97,0
96,82
96,81
96,80
96,79
96,78
96,77
96,76
96,75
96,74
96,73
96,72
96,71
96,69
96,68
96,67
96,38
96,37
96,4
96,66
96,65
96,64
96,36
96,35
96,34
96,33
96,32
96,31
96,30
96,29
96,28
96,27
96,26
96,25
96,24
96,23
96,22
96,21
96,20
96,19
96,18
96,17
96,16
96,15
96,14
96,13
96,12
96,11
96,10
96,9
96,8
96,7
96,6
96,5
96,3
96,2
96,1
96,0
6,73
6,72
6,71
6,70
6,69
6,68
6,67
6,66
6,65
6,64
6,32
6,30
95,6
95,5
95,4
95,3
95,2
95,1
95,0
6,29
6,28
9,76
9,75
2,26
94,6
94,5
94,4
94,3
94,2
94,1
94,0
93,6
93,5
93,4
93,3
93,2
93,1
93,0
9,74
9,73
92,5
92,4
92,3
92,2
92,1
92,0
91,5
91,4
91,3
91,2
91,1
91,0
9,72
9,71
2,25
90,6
90,5
90,4
0,446
0,445
90,3
90,2
90,1
90,0
89,6
89,5
89,4
89,3
89,2
89,1
89,0
6,27
0,444
6,26
6,21
6,18
88,3
88,2
88,1
88,0
87,3
87,2
87,1
87,0
86,3
86,2
86,1
86,0
9,70
2,24
2,23
85,6
85,5
85,4
85,3
85,2
85,1
85,0
84,5
84,4
84,3
84,2
84,1
84,0
2,22
83,4
83,3
83,2
83,1
83,0
82,3
82,2
82,1
82,0
0,443
81,3
81,2
81,1
81,0
2,21
80,3
80,2
80,1
80,0
9,69
9,68
9,67
2,20
2,19
79,5
79,4
79,3
79,2
79,1
79,0
78,7
0,442
0,441
78,6
78,5
78,4
78,3
78,2
78,1
78,0
2,18
77,5
77,4
77,3
77,2
77,1
77,0
76,5
76,4
76,3
76,2
76,1
76,0
75,3
75,2
75,1
75,0
74,3
74,2
74,1
74,0
9,66
73,3
73,2
73,1
73,0
9,65
9,64
9,127
72,6
72,5
72,4
72,3
72,2
72,1
72,0
2,17
71,6
71,5
71,4
71,3
71,2
71,1
71,0
9,36
2,16
70,4
70,3
70,2
70,1
70,0
69,5
69,4
69,3
69,2
0,440
69,1
69,0
2,15
2,14
68,9
68,8
68,7
68,6
68,5
68,4
68,3
68,2
68,1
68,0
2,13
2,12
67,5
67,4
67,3
67,2
67,1
67,0
66,6
66,5
66,4
66,3
66,2
66,1
66,0
65,3
65,2
65,1
65,0
64,4
64,3
64,2
64,1
64,0
63,3
63,2
63,1
63,0
62,3
62,2
62,1
62,0
61,3
61,2
61,1
61,0
60,3
60,2
60,1
60,0
59,3
59,2
59,1
59,0
58,3
58,2
58,1
58,0
9,35
57,3
57,2
57,1
57,0
6,11
2,11
56,5
56,4
56,3
56,2
56,1
56,0
55,3
55,2
55,1
55,0
9,33
54,6
54,5
54,4
54,3
54,2
54,1
54,0
6,8
9,32
53,11
53,10
53,9
53,8
53,7
53,6
53,5
53,4
53,3
53,2
53,1
53,0
2,10
52,5
52,4
52,3
52,2
52,1
52,0
2,9
51,6
51,5
51,4
51,3
51,2
51,1
51,0
50,3
50,2
50,1
50,0
49,3
49,2
49,1
49,0
9,29
48,6
48,5
48,4
48,3
48,2
48,1
48,0
47,6
47,5
47,4
47,3
47,2
0,439
0,438
47,1
47,0
6,7
6,6
46,5
46,4
46,3
46,2
46,1
46,0
2,8
45,12
45,11
45,10
45,9
45,8
45,7
45,6
45,5
45,4
45,3
45,2
45,1
45,0
44,6
44,5
44,4
44,3
44,2
44,1
44,0
2,7
43,6
43,5
43,4
43,3
43,2
43,1
43,0
42,3
42,2
42,1
42,0
41,3
41,2
41,1
41,0
9,28
9,27
9,26
9,25
40,6
40,5
40,4
40,3
40,2
40,1
40,0
39,6
39,5
39,4
39,3
39,2
39,1
39,0
9,24
9,23
9,21
9,20
38,4
38,3
38,2
38,1
38,0
37,7
37,6
37,5
37,4
37,3
37,2
37,1
37,0
36,5
36,4
36,3
36,2
36,1
36,0
2,6
35,6
35,5
35,4
35,3
35,2
35,1
35,0
34,3
34,2
34,1
34,0
9,19
33,3
33,2
33,1
33,0
32,3
32,2
32,1
32,0
9,18
9,17
31,8
31,7
31,6
31,5
31,4
31,3
31,2
31,1
31,0
30,6
30,5
30,4
30,3
30,2
30,1
30,0
29,3
29,2
29,1
29,0
9,16
28,3
28,2
28,1
28,0
9,15
27,3
27,2
27,1
27,0
9,13
26,3
26,2
26,1
26,0
25,3
25,2
25,1
25,0
24,4
24,3
24,2
24,1
24,0
23,3
23,2
23,1
23,0
22,3
22,2
22,1
22,0
21,6
21,5
21,4
21,3
21,2
21,1
21,0
20,3
20,2
20,1
20,0
9,12
2,5
2,4
19,4
19,3
19,2
19,1
19,0
18,8
18,7
18,6
18,5
18,4
18,3
18,2
18,1
18,0
17,3
17,2
17,1
17,0
16,3
16,2
16,1
16,0
0,437
15,4
15,3
15,2
15,1
15,0
0,436
14,5
14,4
14,3
14,2
14,1
14,0
0,435
9,11
9,10
9,9
0,434
6,5
0,433
0,432
0,431
0,430
9,6
0,429
0,428
0,427
0,426
0,425
13,6
13,5
13,4
13,3
13,2
0,424
13,1
13,0
0,423
0,422
0,421
9,5
0,420
0,419
0,418
0,417
0,416
0,415
0,414
0,413
0,412
0,411
0,410
0,409
0,408
0,407
0,406
12,8
12,7
12,6
12,5
12,4
12,3
12,2
0,405
12,1
12,0
0,404
0,403
11,4
11,3
11,2
0,402
11,1
11,0
0,401
0,400
0,399
10,5
10,4
10,3
10,2
0,398
10,1
10,0
0,397
0,396
0,395
0,394
0,393
0,392
0,391
0,390
0,389
0,388
0,387
0,386
0,385
0,384
0,383
0,382
0,381
0,380
0,379
0,378
0,377
0,376
0,375
0,374
0,373
0,372
0,371
0,370
0,369
0,368
0,367
0,366
0,365
0,364
0,363
0,362
0,361
0,360
0,359
0,358
0,357
0,356
0,354
0,353
0,352
0,351
0,350
0,349
0,348
0,347
0,346
0,345
0,344
0,343
0,341
0,339
9,3
9,2
0,338
9,1
9,0
0,336
8,5
8,4
8,3
8,2
8,1
8,0
0,334
7,3
7,2
0,332
7,1
7,0
0,331
0,330
0,328
0,327
0,326
0,325
0,324
6,3
6,2
0,323
0,322
6,1
6,0
0,321
0,319
0,318
0,317
5,3
5,2
5,1
5,0
4,3
4,2
4,1
4,0
3,6
3,5
3,4
3,3
3,2
3,1
3,0
2,2
2,1
2,0
1,2
1,1
1,0
1,3
0,243
0,1
0,0
2,3
0,9
0,310
0,305
0,308
0,304
0,303
0,302
0,307
0,12
0,10
0,8
0,300
0,299
0,298
0,297
0,296
0,295
0,294
0,293
0,292
0,291
0,290
0,289
0,288
0,287
0,286
0,285
0,284
0,283
0,282
0,281
0,280
0,279
0,278
0,277
0,276
0,275
0,274
0,273
0,272
0,271
0,270
0,269
0,268
0,267
0,266
0,265
0,264
0,263
0,262
0,261
0,260
0,259
0,258
0,257
0,256
0,255
0,254
0,253
0,252
0,251
0,250
0,249
0,248
0,247
0,246
0,245
0,244
0,242
0,241
0,240
0,239
0,238
0,237
0,236
0,235
0,234
0,233
0,232
0,231
0,230
0,229
0,228
0,227
0,226
0,225
0,224
0,223
0,222
0,221
0,220
0,219
0,218
0,217
0,216
0,215
0,214
0,213
0,212
0,211
0,210
0,209
0,208
0,207
0,206
0,205
0,204
0,203
0,202
0,201
0,200
0,199
0,198
0,197
0,196
0,195
0,194
0,193
0,192
0,63
0,62
0,61
0,60
0,59
0,58
0,57
0,56
0,55
0,54
0,53
0,52
0,315
0,51
0,314
0,50
0,313
0,49
0,312
0,48
0,311
0,47
0,309
0,46
0,306
0,45
0,301
0,6
0,5
0,11
0,4
0,2
0,3
0,7
